0.0,0.0,0.0,0.0,0.0,4.0,0.0,0.0,0.0,0.0,0.0,1.0,2.0,0.0,0.0,0.0,0.0,0.0,0.0,0.0,0.0,0.0,0.0,0.0,0.0,1.0,0.0,0.0,0.0,0.0,0.0,0.0,0.0,1.0,0.0,0.0,1.0,1.0,0.0,0.0,0.0,0.0,0.0,0.0,0.0,0.0,0.0,0.0,0.0,0.0,0.0,0.0,0.0,0.0,9.0,0.0,0.0,0.0
0.0,0.0,0.0,0.0,0.0,10.0,0.0,0.0,0.0,0.0,0.0,0.0,0.0,0.0,0.0,0.0,0.0,0.0,0.0,0.0,0.0,0.0,0.0,0.0,0.0,0.0,0.0,0.0,0.0,0.0,0.0,0.0,0.0,0.0,0.0,0.0,9.0,0.0,0.0,0.0,0.0,0.0,0.0,0.0,0.0,0.0,0.0,0.0,0.0,0.0,0.0,0.0,0.0,0.0,12.0,0.0,0.0,0.0
0.0,0.0,0.0,0.0,0.0,16.0,2.0,0.0,0.0,0.0,0.0,1.0,0.0,0.0,0.0,0.0,0.0,1.0,0.0,0.0,0.0,0.0,0.0,0.0,0.0,0.0,0.0,0.0,0.0,0.0,0.0,0.0,1.0,0.0,2.0,0.0,12.0,0.0,0.0,0.0,0.0,0.0,0.0,0.0,0.0,0.0,0.0,0.0,1.0,3.0,0.0,0.0,0.0,0.0,31.0,0.0,0.0,0.0
0.0,0.0,0.0,1.0,0.0,8.0,6.0,0.0,0.0,0.0,0.0,0.0,1.0,0.0,0.0,0.0,0.0,0.0,1.0,0.0,0.0,1.0,0.0,0.0,3.0,4.0,0.0,1.0,0.0,0.0,0.0,1.0,1.0,0.0,0.0,0.0,8.0,1.0,0.0,0.0,0.0,0.0,0.0,2.0,0.0,0.0,0.0,0.0,0.0,1.0,0.0,0.0,0.0,0.0,8.0,0.0,0.0,0.0
0.0,0.0,0.0,2.0,0.0,22.0,0.0,0.0,0.0,0.0,0.0,4.0,2.0,0.0,0.0,1.0,0.0,1.0,0.0,0.0,0.0,0.0,0.0,0.0,0.0,0.0,0.0,0.0,0.0,0.0,0.0,0.0,0.0,0.0,2.0,0.0,45.0,0.0,0.0,0.0,0.0,1.0,3.0,0.0,0.0,1.0,2.0,0.0,0.0,4.0,1.0,0.0,0.0,0.0,24.0,0.0,0.0,0.0
0.0,0.0,0.0,0.0,0.0,14.0,0.0,0.0,0.0,0.0,0.0,3.0,0.0,0.0,0.0,0.0,0.0,1.0,1.0,0.0,1.0,0.0,0.0,0.0,2.0,16.0,0.0,0.0,0.0,1.0,0.0,0.0,2.0,2.0,1.0,0.0,30.0,0.0,0.0,0.0,0.0,0.0,8.0,4.0,0.0,0.0,0.0,0.0,2.0,3.0,0.0,1.0,0.0,2.0,20.0,0.0,0.0,0.0
0.0,0.0,0.0,0.0,0.0,6.0,4.0,0.0,0.0,0.0,0.0,3.0,5.0,0.0,0.0,0.0,0.0,0.0,1.0,3.0,0.0,3.0,0.0,0.0,0.0,0.0,0.0,1.0,0.0,0.0,0.0,2.0,0.0,0.0,0.0,0.0,36.0,0.0,0.0,0.0,0.0,0.0,0.0,1.0,0.0,0.0,1.0,0.0,0.0,2.0,0.0,0.0,0.0,0.0,0.0,0.0,0.0,0.0
0.0,0.0,0.0,2.0,0.0,43.0,5.0,1.0,0.0,0.0,0.0,2.0,7.0,0.0,0.0,2.0,0.0,5.0,3.0,5.0,0.0,1.0,0.0,0.0,3.0,19.0,0.0,0.0,0.0,0.0,0.0,0.0,0.0,0.0,10.0,0.0,8.0,5.0,0.0,0.0,3.0,1.0,0.0,5.0,0.0,0.0,4.0,0.0,0.0,3.0,1.0,0.0,0.0,6.0,45.0,0.0,3.0,0.0
0.0,0.0,0.0,3.0,0.0,34.0,17.0,2.0,1.0,0.0,0.0,9.0,6.0,0.0,0.0,-1.0,0.0,13.0,5.0,5.0,0.0,3.0,5.0,0.0,1.0,51.0,2.0,3.0,0.0,0.0,0.0,2.0,3.0,1.0,8.0,3.0,70.0,0.0,0.0,0.0,1.0,0.0,5.0,4.0,0.0,2.0,3.0,8.0,6.0,5.0,1.0,0.0,0.0,1.0,115.0,0.0,1.0,0.0
0.0,0.0,0.0,0.0,0.0,43.0,15.0,2.0,0.0,0.0,0.0,6.0,8.0,0.0,0.0,0.0,0.0,7.0,2.0,1.0,3.0,2.0,14.0,1.0,3.0,15.0,1.0,4.0,1.0,0.0,0.0,5.0,3.0,1.0,6.0,2.0,107.0,8.0,1.0,0.0,1.0,1.0,5.0,6.0,0.0,-2.0,-3.0,-1.0,9.0,6.0,0.0,1.0,0.0,3.0,160.0,0.0,4.0,1.0
5.0,1.0,0.0,0.0,9.0,60.0,29.0,6.0,3.0,0.0,0.0,20.0,11.0,0.0,0.0,0.0,1.0,14.0,0.0,3.0,2.0,4.0,10.0,2.0,6.0,16.0,21.0,5.0,5.0,3.0,1.0,4.0,8.0,0.0,20.0,5.0,94.0,2.0,0.0,0.0,7.0,0.0,6.0,19.0,0.0,9.0,1.0,1.0,8.0,17.0,6.0,0.0,0.0,15.0,126.0,0.0,11.0,0.0
2.0,0.0,0.0,3.0,3.0,91.0,25.0,12.0,2.0,0.0,0.0,26.0,31.0,0.0,0.0,2.0,1.0,18.0,3.0,0.0,2.0,2.0,48.0,0.0,9.0,15.0,12.0,7.0,0.0,0.0,4.0,4.0,2.0,1.0,20.0,3.0,192.0,8.0,0.0,0.0,14.0,1.0,6.0,6.0,0.0,8.0,11.0,0.0,6.0,16.0,1.0,3.0,0.0,10.0,74.0,0.0,8.0,1.0
4.0,0.0,0.0,0.0,-9.0,1.0,33.0,1.0,0.0,0.0,0.0,24.0,26.0,0.0,0.0,2.0,2.0,2.0,4.0,1.0,0.0,2.0,10.0,-1.0,-3.0,0.0,9.0,0.0,0.0,1.0,1.0,-1.0,0.0,0.0,3.0,0.0,2.0,7.0,0.0,0.0,4.0,0.0,0.0,0.0,0.0,0.0,0.0,0.0,0.0,3.0,8.0,0.0,0.0,0.0,-39.0,0.0,1.0,0.0
18.0,0.0,0.0,6.0,0.0,184.0,25.0,17.0,2.0,0.0,22.0,1.0,22.0,20.0,3.0,2.0,0.0,17.0,5.0,5.0,3.0,3.0,28.0,15.0,18.0,49.0,31.0,32.0,6.0,3.0,0.0,1.0,25.0,10.0,104.0,8.0,352.0,7.0,0.0,0.0,20.0,6.0,3.0,32.0,5.0,1.0,11.0,2.0,20.0,22.0,10.0,7.0,1.0,12.0,176.0,0.0,20.0,0.0
10.0,2.0,0.0,2.0,0.0,143.0,22.0,27.0,8.0,47.0,0.0,89.0,25.0,1.0,0.0,2.0,4.0,78.0,5.0,0.0,7.0,5.0,81.0,9.0,18.0,30.0,14.0,6.0,9.0,6.0,2.0,5.0,10.0,9.0,74.0,2.0,611.0,25.0,2.0,0.0,17.0,7.0,27.0,33.0,0.0,2.0,17.0,1.0,22.0,25.0,11.0,0.0,1.0,18.0,176.0,0.0,25.0,9.0
12.0,2.0,0.0,7.0,1.0,131.0,33.0,28.0,3.0,0.0,9.0,116.0,51.0,0.0,2.0,5.0,1.0,111.0,8.0,15.0,4.0,2.0,61.0,9.0,25.0,35.0,69.0,18.0,13.0,7.0,2.0,1.0,0.0,11.0,147.0,5.0,1460.0,28.0,3.0,0.0,22.0,0.0,9.0,43.0,0.0,10.0,13.0,0.0,26.0,86.0,8.0,1.0,0.0,12.0,67.0,1.0,38.0,5.0
27.0,3.0,0.0,18.0,58.0,178.0,62.0,63.0,11.0,0.0,9.0,126.0,90.0,1.0,7.0,10.0,14.0,150.0,22.0,6.0,13.0,22.0,135.0,17.0,22.0,76.0,155.0,12.0,16.0,21.0,1.0,5.0,40.0,5.0,344.0,7.0,2666.0,44.0,13.0,0.0,30.0,27.0,13.0,51.0,0.0,11.0,20.0,3.0,54.0,110.0,15.0,9.0,1.0,24.0,352.0,1.0,48.0,2.0
28.0,3.0,0.0,23.0,38.0,234.0,86.0,35.0,9.0,2.0,31.0,132.0,198.0,1.0,2.0,11.0,13.0,163.0,26.0,1.0,13.0,14.0,145.0,4.0,42.0,85.0,157.0,24.0,30.0,37.0,9.0,8.0,66.0,11.0,149.0,7.0,2699.0,53.0,7.0,0.0,54.0,5.0,26.0,105.0,9.0,10.0,46.0,0.0,69.0,123.0,33.0,7.0,0.0,20.0,150.0,6.0,60.0,3.0
25.0,2.0,0.0,36.0,22.0,169.0,111.0,0.0,6.0,0.0,27.0,199.0,70.0,0.0,1.0,0.0,6.0,168.0,42.0,24.0,9.0,23.0,226.0,14.0,44.0,110.0,154.0,21.0,60.0,10.0,7.0,1.0,0.0,8.0,437.0,13.0,3324.0,67.0,2.0,0.0,74.0,4.0,23.0,88.0,7.0,12.0,48.0,0.0,81.0,153.0,23.0,20.0,3.0,34.0,269.0,4.0,63.0,2.0
26.0,5.0,0.0,48.0,43.0,239.0,120.0,133.0,11.0,0.0,4.0,241.0,66.0,7.0,12.0,17.0,0.0,296.0,76.0,21.0,8.0,16.0,74.0,19.0,51.0,117.0,506.0,33.0,67.0,33.0,7.0,13.0,29.0,12.0,587.0,2.0,4073.0,49.0,0.0,0.0,109.0,14.0,24.0,110.0,2.0,17.0,22.0,7.0,89.0,61.0,44.0,3.0,0.0,63.0,204.0,4.0,99.0,3.0
39.0,12.0,0.0,83.0,27.0,462.0,128.0,88.0,12.0,0.0,18.0,223.0,151.0,-2.0,2.0,3.0,26.0,236.0,66.0,15.0,19.0,20.0,335.0,18.0,46.0,137.0,323.0,67.0,42.0,103.0,0.0,0.0,55.0,28.0,930.0,26.0,5084.0,48.0,2.0,0.0,87.0,14.0,30.0,189.0,8.0,23.0,102.0,7.0,221.0,115.0,95.0,23.0,1.0,34.0,224.0,0.0,44.0,0.0
46.0,4.0,0.0,91.0,27.0,429.0,189.0,203.0,36.0,0.0,21.0,185.0,254.0,0.0,3.0,34.0,13.0,252.0,98.0,19.0,16.0,39.0,216.0,11.0,59.0,382.0,488.0,27.0,71.0,66.0,17.0,15.0,33.0,0.0,831.0,17.0,4797.0,142.0,6.0,0.0,124.0,25.0,19.0,248.0,8.0,18.0,44.0,2.0,158.0,197.0,41.0,20.0,10.0,39.0,107.0,6.0,56.0,3.0
139.0,7.0,0.0,75.0,61.0,467.0,175.0,257.0,15.0,0.0,46.0,270.0,221.0,0.0,5.0,1.0,10.0,328.0,109.0,22.0,34.0,35.0,407.0,24.0,76.0,679.0,526.0,25.0,57.0,91.0,14.0,5.0,45.0,7.0,727.0,13.0,5160.0,95.0,9.0,0.0,137.0,58.0,56.0,314.0,12.0,8.0,82.0,11.0,144.0,274.0,42.0,30.0,0.0,103.0,263.0,17.0,140.0,15.0
136.0,15.0,0.0,107.0,55.0,901.0,343.0,137.0,11.0,0.0,44.0,675.0,278.0,0.0,8.0,4.0,55.0,673.0,168.0,33.0,38.0,50.0,509.0,13.0,158.0,579.0,564.0,58.0,108.0,195.0,25.0,3.0,97.0,29.0,2474.0,0.0,7036.0,148.0,6.0,0.0,164.0,84.0,50.0,535.0,13.0,33.0,0.0,5.0,181.0,334.0,56.0,33.0,0.0,70.0,616.0,13.0,107.0,9.0
70.0,2.0,0.0,157.0,46.0,769.0,308.0,279.0,33.0,0.0,40.0,543.0,475.0,0.0,6.0,11.0,59.0,486.0,334.0,56.0,34.0,54.0,440.0,13.0,192.0,823.0,816.0,52.0,94.0,167.0,19.0,8.0,116.0,21.0,1949.0,23.0,6999.0,149.0,17.0,0.0,269.0,74.0,100.0,550.0,15.0,38.0,118.0,12.0,221.0,374.0,76.0,26.0,2.0,141.0,270.0,24.0,198.0,17.0
107.0,27.0,0.0,108.0,28.0,431.0,323.0,233.0,51.0,0.0,33.0,863.0,366.0,75.0,4.0,43.0,29.0,467.0,254.0,63.0,60.0,79.0,571.0,43.0,220.0,1017.0,1042.0,45.0,84.0,120.0,20.0,14.0,90.0,29.0,2299.0,72.0,7534.0,133.0,26.0,0.0,269.0,55.0,63.0,500.0,21.0,36.0,118.0,10.0,193.0,518.0,130.0,27.0,3.0,133.0,553.0,20.0,129.0,12.0
131.0,17.0,0.0,146.0,17.0,753.0,247.0,469.0,18.0,0.0,38.0,483.0,285.0,0.0,1.0,0.0,47.0,1105.0,280.0,38.0,64.0,58.0,225.0,42.0,244.0,698.0,863.0,62.0,96.0,70.0,25.0,12.0,294.0,27.0,2262.0,29.0,7238.0,171.0,4.0,0.0,247.0,52.0,69.0,587.0,27.0,55.0,114.0,22.0,209.0,337.0,118.0,24.0,1.0,150.0,435.0,17.0,109.0,4.0
74.0,12.0,0.0,238.0,47.0,1292.0,319.0,578.0,32.0,0.0,59.0,1227.0,157.0,0.0,2.0,26.0,59.0,460.0,273.0,88.0,42.0,41.0,485.0,22.0,174.0,797.0,1050.0,73.0,88.0,355.0,17.0,37.0,92.0,100.0,3250.0,0.0,7015.0,122.0,11.0,0.0,280.0,52.0,58.0,723.0,47.0,114.0,151.0,11.0,197.0,355.0,78.0,21.0,7.0,130.0,458.0,32.0,66.0,8.0
88.0,5.0,0.0,132.0,50.0,1078.0,339.0,557.0,55.0,0.0,94.0,1268.0,1121.0,0.0,11.0,29.0,175.0,938.0,372.0,73.0,62.0,149.0,1212.0,28.0,247.0,868.0,1148.0,53.0,90.0,261.0,27.0,27.0,102.0,43.0,2060.0,78.0,9170.0,222.0,13.0,2.0,266.0,87.0,84.0,808.0,65.0,80.0,158.0,7.0,474.0,662.0,90.0,37.0,0.0,229.0,509.0,17.0,182.0,15.0
73.0,13.0,0.0,124.0,61.0,1177.0,376.0,429.0,49.0,0.0,91.0,215.0,709.0,0.0,8.0,20.0,51.0,986.0,406.0,50.0,51.0,4.0,1187.0,0.0,326.0,1118.0,1766.0,60.0,136.0,253.0,10.0,38.0,165.0,10.0,3559.0,12.0,8115.0,140.0,20.0,4.0,348.0,153.0,46.0,1046.0,47.0,78.0,210.0,21.0,542.0,546.0,0.0,28.0,0.0,234.0,176.0,29.0,144.0,21.0
173.0,11.0,0.0,183.0,59.0,1380.0,386.0,267.0,25.0,0.0,67.0,2052.0,710.0,0.0,5.0,32.0,210.0,715.0,474.0,67.0,68.0,138.0,2725.0,73.0,345.0,1228.0,1513.0,53.0,104.0,200.0,33.0,36.0,184.0,112.0,3335.0,46.0,8558.0,302.0,17.0,0.0,354.0,160.0,90.0,1259.0,30.0,79.0,261.0,36.0,80.0,714.0,198.0,17.0,0.0,223.0,781.0,25.0,192.0,20.0
262.0,14.0,0.0,173.0,61.0,1226.0,445.0,1090.0,57.0,0.0,104.0,1260.0,483.0,0.0,2.0,63.0,115.0,1209.0,399.0,85.0,76.0,0.0,1148.0,56.0,427.0,1436.0,1991.0,46.0,181.0,121.0,2.0,33.0,51.0,0.0,4305.0,117.0,10481.0,274.0,14.0,2.0,411.0,109.0,73.0,1302.0,0.0,66.0,146.0,22.0,54.0,665.0,162.0,51.0,7.0,306.0,457.0,21.0,264.0,12.0
119.0,14.0,0.0,250.0,39.0,821.0,392.0,362.0,143.0,0.0,145.0,1269.0,329.0,0.0,9.0,32.0,131.0,1453.0,516.0,88.0,69.0,147.0,2199.0,24.0,367.0,1334.0,1514.0,77.0,97.0,348.0,22.0,42.0,228.0,61.0,4229.0,16.0,10846.0,235.0,13.0,0.0,427.0,171.0,0.0,1874.0,136.0,95.0,217.0,25.0,255.0,833.0,180.0,72.0,3.0,395.0,401.0,45.0,18.0,25.0
151.0,14.0,0.0,250.0,94.0,2197.0,385.0,399.0,80.0,0.0,100.0,813.0,487.0,0.0,19.0,20.0,56.0,902.0,458.0,82.0,53.0,38.0,514.0,14.0,492.0,764.0,1533.0,70.0,183.0,96.0,21.0,43.0,113.0,81.0,3381.0,118.0,9327.0,163.0,21.0,0.0,304.0,93.0,169.0,1145.0,23.0,116.0,132.0,28.0,311.0,642.0,173.0,51.0,2.0,233.0,578.0,42.0,290.0,10.0
187.0,5.0,0.0,191.0,38.0,990.0,233.0,1231.0,110.0,0.0,95.0,974.0,667.0,0.0,1.0,16.0,23.0,1003.0,545.0,77.0,98.0,0.0,1857.0,29.0,428.0,1337.0,1552.0,51.0,100.0,462.0,13.0,53.0,98.0,94.0,3585.0,62.0,8655.0,313.0,18.0,0.0,410.0,75.0,0.0,1538.0,38.0,160.0,183.0,48.0,169.0,834.0,77.0,31.0,1.0,238.0,486.0,21.0,129.0,13.0
217.0,23.0,0.0,115.0,71.0,1327.0,246.0,875.0,145.0,0.0,114.0,1221.0,1508.0,0.0,8.0,23.0,69.0,1291.0,554.0,100.0,63.0,194.0,1417.0,20.0,326.0,1365.0,1824.0,83.0,177.0,297.0,20.0,30.0,171.0,0.0,3326.0,108.0,8060.0,337.0,12.0,0.0,329.0,145.0,64.0,1726.0,60.0,147.0,185.0,32.0,337.0,882.0,61.0,32.0,0.0,457.0,381.0,67.0,129.0,6.0
159.0,13.0,0.0,151.0,54.0,1546.0,226.0,0.0,188.0,0.0,229.0,911.0,1079.0,0.0,0.0,0.0,40.0,1525.0,433.0,99.0,134.0,0.0,746.0,18.0,1158.0,1588.0,1432.0,85.0,88.0,184.0,13.0,72.0,135.0,32.0,3021.0,27.0,11186.0,200.0,14.0,3.0,366.0,52.0,49.0,1778.0,47.0,221.0,0.0,73.0,224.0,852.0,109.0,30.0,2.0,310.0,584.0,71.0,132.0,5.0
375.0,9.0,0.0,292.0,119.0,813.0,547.0,2003.0,93.0,0.0,83.0,908.0,665.0,0.0,7.0,32.0,22.0,1344.0,408.0,125.0,70.0,192.0,1253.0,23.0,656.0,2151.0,1221.0,86.0,257.0,243.0,22.0,49.0,197.0,72.0,3590.0,44.0,10718.0,237.0,18.0,0.0,364.0,160.0,140.0,1669.0,63.0,277.0,376.0,54.0,271.0,1431.0,8.0,23.0,0.0,397.0,363.0,31.0,176.0,9.0
244.0,11.0,0.0,94.0,52.0,1371.0,311.0,754.0,117.0,0.0,137.0,1167.0,919.0,0.0,2.0,0.0,122.0,1465.0,556.0,118.0,1.0,352.0,970.0,26.0,783.0,2033.0,982.0,96.0,209.0,395.0,11.0,67.0,266.0,0.0,3561.0,216.0,10569.0,229.0,9.0,0.0,366.0,108.0,1.0,1751.0,42.0,0.0,274.0,89.0,257.0,897.0,247.0,51.0,5.0,467.0,480.0,60.0,182.0,9.0
270.0,11.0,0.0,281.0,57.0,636.0,380.0,972.0,153.0,0.0,118.0,963.0,674.0,0.0,3.0,23.0,42.0,1293.0,528.0,122.0,158.0,0.0,761.0,30.0,726.0,1886.0,1221.0,91.0,173.0,246.0,12.0,64.0,-20.0,66.0,3563.0,10.0,8678.0,389.0,15.0,0.0,372.0,74.0,49.0,1668.0,63.0,622.0,144.0,90.0,241.0,918.0,104.0,32.0,1.0,568.0,315.0,3.0,145.0,22.0
346.0,15.0,0.0,149.0,52.0,1083.0,414.0,525.0,146.0,0.0,97.0,1401.0,293.0,0.0,0.0,34.0,11.0,1672.0,493.0,77.0,69.0,270.0,581.0,17.0,531.0,2615.0,683.0,194.0,139.0,139.0,10.0,92.0,134.0,44.0,3699.0,154.0,8007.0,216.0,15.0,0.0,354.0,102.0,156.0,1219.0,109.0,316.0,109.0,104.0,376.0,654.0,96.0,16.0,0.0,197.0,175.0,16.0,128.0,9.0
171.0,5.0,0.0,163.0,130.0,1134.0,389.0,1346.0,133.0,0.0,80.0,1124.0,863.0,0.0,0.0,5.0,19.0,1173.0,431.0,123.0,46.0,55.0,421.0,65.0,711.0,1392.0,1439.0,0.0,161.0,180.0,7.0,23.0,154.0,56.0,2734.0,17.0,6716.0,316.0,23.0,0.0,371.0,99.0,57.0,1354.0,6.0,0.0,71.0,138.0,102.0,598.0,60.0,21.0,0.0,473.0,26.0,18.0,87.0,5.0
219.0,8.0,0.0,104.0,88.0,1455.0,254.0,608.0,168.0,0.0,103.0,609.0,1263.0,0.0,0.0,7.0,38.0,1223.0,168.0,189.0,51.0,30.0,502.0,37.0,536.0,1297.0,1420.0,74.0,145.0,166.0,5.0,83.0,144.0,-63.0,4240.0,83.0,7271.0,227.0,10.0,0.0,310.0,115.0,49.0,1173.0,20.0,586.0,162.0,120.0,217.0,731.0,54.0,4.0,0.0,435.0,164.0,29.0,127.0,7.0
122.0,8.0,0.0,155.0,71.0,1297.0,330.0,766.0,88.0,0.0,139.0,883.0,409.0,0.0,2.0,13.0,9.0,1345.0,433.0,96.0,63.0,162.0,433.0,35.0,560.0,1755.0,1102.0,114.0,273.0,125.0,5.0,4.0,77.0,217.0,2206.0,139.0,11434.0,227.0,24.0,2.0,509.0,79.0,30.0,1288.0,51.0,0.0,103.0,180.0,0.0,901.0,131.0,7.0,0.0,318.0,143.0,62.0,166.0,5.0
270.0,7.0,0.0,273.0,51.0,991.0,395.0,1129.0,56.0,0.0,153.0,832.0,682.0,0.0,0.0,6.0,114.0,1141.0,582.0,146.0,111.0,225.0,581.0,26.0,752.0,2262.0,822.0,0.0,264.0,303.0,11.0,51.0,3.0,0.0,4287.0,0.0,9237.0,299.0,28.0,0.0,620.0,94.0,73.0,1505.0,69.0,278.0,275.0,143.0,339.0,969.0,135.0,15.0,0.0,389.0,115.0,26.0,154.0,9.0
226.0,9.0,0.0,274.0,75.0,1480.0,372.0,925.0,247.0,0.0,126.0,1416.0,1525.0,0.0,1.0,11.0,22.0,1844.0,612.0,191.0,115.0,87.0,586.0,31.0,788.0,2804.0,1259.0,261.0,169.0,212.0,7.0,114.0,310.0,148.0,3150.0,113.0,6906.0,406.0,0.0,0.0,693.0,108.0,49.0,1630.0,25.0,648.0,168.0,100.0,97.0,973.0,110.0,5.0,0.0,602.0,460.0,47.0,178.0,9.0
141.0,5.0,0.0,213.0,49.0,1354.0,393.0,741.0,221.0,0.0,190.0,733.0,475.0,0.0,0.0,33.0,46.0,1582.0,487.0,181.0,91.0,185.0,462.0,20.0,754.0,1978.0,806.0,139.0,181.0,193.0,4.0,183.0,102.0,55.0,2953.0,201.0,6877.0,283.0,135.0,1.0,1115.0,0.0,59.0,1764.0,50.0,314.0,149.0,131.0,326.0,855.0,124.0,24.0,2.0,562.0,259.0,10.0,146.0,4.0
176.0,5.0,0.0,209.0,37.0,920.0,290.0,412.0,0.0,0.0,127.0,822.0,632.0,0.0,0.0,6.0,13.0,1197.0,570.0,389.0,84.0,253.0,348.0,20.0,521.0,1711.0,657.0,147.0,300.0,168.0,7.0,225.0,102.0,48.0,3881.0,47.0,5908.0,273.0,57.0,0.0,1380.0,102.0,66.0,1250.0,95.0,215.0,129.0,93.0,481.0,556.0,152.0,10.0,0.0,489.0,202.0,105.0,147.0,4.0
191.0,2.0,0.0,135.0,192.0,2255.0,382.0,1853.0,207.0,0.0,134.0,745.0,1106.0,0.0,0.0,4.0,4.0,1156.0,477.0,257.0,143.0,90.0,595.0,8.0,837.0,1578.0,636.0,114.0,238.0,162.0,0.0,174.0,102.0,57.0,3421.0,126.0,5034.0,294.0,42.0,0.0,1317.0,113.0,47.0,1012.0,39.0,384.0,69.0,50.0,168.0,491.0,144.0,3.0,0.0,448.0,136.0,12.0,153.0,4.0
238.0,8.0,0.0,188.0,17.0,1794.0,361.0,545.0,186.0,0.0,171.0,810.0,474.0,0.0,0.0,2.0,64.0,1546.0,409.0,482.0,116.0,154.0,331.0,13.0,509.0,1580.0,724.0,97.0,204.0,199.0,4.0,37.0,107.0,43.0,3665.0,0.0,5103.0,239.0,17.0,0.0,806.0,127.0,47.0,1335.0,46.0,410.0,-7.0,70.0,156.0,913.0,84.0,2.0,0.0,640.0,278.0,6.0,126.0,126.0
276.0,6.0,0.0,217.0,286.0,1872.0,418.0,2109.0,269.0,0.0,108.0,440.0,1333.0,0.0,0.0,6.0,30.0,2048.0,341.0,107.0,167.0,174.0,404.0,19.0,582.0,1782.0,1356.0,155.0,178.0,191.0,2.0,128.0,144.0,98.0,3527.0,239.0,4703.0,361.0,35.0,0.0,392.0,87.0,55.0,833.0,-46.0,341.0,322.0,103.0,0.0,657.0,148.0,5.0,1.0,636.0,204.0,31.0,220.0,4.0
239.0,2.0,0.0,299.0,323.0,2209.0,387.0,631.0,108.0,0.0,155.0,1339.0,669.0,0.0,3.0,4.0,70.0,1830.0,601.0,176.0,390.0,101.0,481.0,30.0,962.0,3113.0,1441.0,220.0,259.0,267.0,3.0,389.0,127.0,82.0,4111.0,169.0,5238.0,325.0,30.0,0.0,577.0,123.0,68.0,2297.0,164.0,415.0,156.0,98.0,872.0,1329.0,167.0,2.0,0.0,732.0,157.0,42.0,207.0,6.0
194.0,2.0,0.0,273.0,211.0,1794.0,978.0,836.0,134.0,0.0,167.0,885.0,608.0,0.0,2.0,5.0,34.0,2721.0,642.0,521.0,238.0,300.0,401.0,28.0,879.0,4973.0,1485.0,243.0,281.0,243.0,2.0,222.0,190.0,50.0,2171.0,142.0,8130.0,470.0,39.0,0.0,475.0,104.0,50.0,1829.0,-140.0,443.0,153.0,84.0,462.0,992.0,170.0,2.0,0.0,596.0,224.0,29.0,304.0,20.0
0.0,0.0,0.0,241.0,101.0,1013.0,712.0,647.0,134.0,0.0,171.0,306.0,731.0,0.0,0.0,4.0,17.0,2119.0,718.0,647.0,176.0,136.0,372.0,0.0,1150.0,2435.0,459.0,261.0,284.0,165.0,1.0,295.0,141.0,77.0,3302.0,139.0,10553.0,478.0,55.0,0.0,418.0,73.0,76.0,945.0,31.0,430.0,183.0,107.0,461.0,511.0,166.0,16.0,1.0,772.0,342.0,0.0,331.0,18.0
395.0,1.0,0.0,248.0,90.0,1191.0,473.0,686.0,458.0,0.0,142.0,693.0,264.0,0.0,0.0,1.0,10.0,2126.0,613.0,384.0,142.0,170.0,261.0,50.0,815.0,1618.0,751.0,156.0,193.0,167.0,3.0,311.0,195.0,67.0,3540.0,66.0,5902.0,229.0,64.0,0.0,385.0,60.0,58.0,1463.0,64.0,310.0,245.0,65.0,478.0,814.0,175.0,8.0,2.0,604.0,202.0,45.0,225.0,11.0
118.0,5.0,0.0,191.0,68.0,1413.0,438.0,728.0,128.0,0.0,51.0,606.0,816.0,0.0,0.0,1.0,0.0,1980.0,949.0,392.0,196.0,71.0,295.0,8.0,906.0,1542.0,494.0,209.0,183.0,169.0,1.0,328.0,-34.0,74.0,2150.0,99.0,3951.0,324.0,75.0,0.0,353.0,27.0,43.0,942.0,18.0,269.0,115.0,32.0,251.0,445.0,113.0,4.0,0.0,568.0,165.0,8.0,169.0,18.0
211.0,6.0,0.0,230.0,58.0,1192.0,437.0,315.0,413.0,0.0,102.0,710.0,620.0,0.0,0.0,2.0,55.0,2219.0,627.0,508.0,179.0,219.0,218.0,17.0,626.0,1898.0,1132.0,370.0,248.0,147.0,2.0,159.0,121.0,72.0,2668.0,149.0,3110.0,434.0,49.0,0.0,444.0,129.0,31.0,1579.0,11.0,219.0,122.0,69.0,134.0,945.0,109.0,7.0,0.0,801.0,156.0,32.0,208.0,16.0
162.0,4.0,0.0,254.0,66.0,2583.0,442.0,455.0,80.0,0.0,112.0,345.0,853.0,0.0,0.0,4.0,0.0,2256.0,594.0,467.0,187.0,162.0,374.0,16.0,736.0,2008.0,1213.0,463.0,227.0,170.0,0.0,334.0,113.0,48.0,2509.0,239.0,4585.0,425.0,42.0,0.0,534.0,63.0,61.0,1190.0,33.0,320.0,147.0,60.0,314.0,1012.0,152.0,0.0,0.0,623.0,228.0,15.0,231.0,9.0
176.0,0.0,0.0,446.0,88.0,1383.0,526.0,933.0,79.0,0.0,217.0,497.0,489.0,0.0,4.0,5.0,32.0,2560.0,653.0,302.0,574.0,171.0,341.0,39.0,893.0,2010.0,1099.0,492.0,246.0,195.0,2.0,430.0,119.0,88.0,2287.0,198.0,4681.0,574.0,34.0,0.0,724.0,145.0,64.0,1644.0,106.0,374.0,213.0,76.0,369.0,1358.0,175.0,4.0,9.0,885.0,257.0,15.0,334.0,14.0
206.0,9.0,0.0,314.0,56.0,1896.0,509.0,1064.0,184.0,0.0,335.0,1038.0,1225.0,0.0,0.0,1.0,31.0,3137.0,795.0,739.0,221.0,174.0,710.0,28.0,1730.0,2177.0,1046.0,594.0,397.0,234.0,0.0,727.0,195.0,164.0,2538.0,102.0,3942.0,316.0,40.0,0.0,716.0,130.0,69.0,1608.0,36.0,341.0,163.0,76.0,1156.0,965.0,156.0,13.0,0.0,1055.0,310.0,27.0,460.0,7.0
317.0,1.0,0.0,395.0,35.0,1321.0,432.0,523.0,120.0,0.0,139.0,735.0,842.0,0.0,0.0,1.0,46.0,2450.0,665.0,759.0,251.0,-3.0,429.0,30.0,1001.0,2050.0,900.0,502.0,229.0,259.0,2.0,309.0,141.0,119.0,2527.0,219.0,4663.0,518.0,46.0,0.0,592.0,103.0,56.0,915.0,182.0,327.0,231.0,63.0,770.0,1225.0,157.0,7.0,0.0,836.0,366.0,33.0,346.0,13.0
277.0,3.0,0.0,276.0,65.0,1556.0,410.0,0.0,170.0,0.0,219.0,615.0,334.0,0.0,0.0,0.0,0.0,2994.0,638.0,532.0,271.0,251.0,200.0,32.0,989.0,1880.0,623.0,431.0,109.0,263.0,0.0,344.0,83.0,89.0,3027.0,118.0,3438.0,182.0,38.0,0.0,579.0,121.0,45.0,731.0,51.0,188.0,137.0,43.0,516.0,1081.0,190.0,11.0,0.0,934.0,182.0,10.0,304.0,7.0
224.0,2.0,0.0,284.0,54.0,981.0,283.0,686.0,80.0,0.0,154.0,819.0,786.0,0.0,0.0,1.0,45.0,2278.0,574.0,528.0,227.0,115.0,333.0,20.0,946.0,1070.0,301.0,571.0,327.0,286.0,2.0,376.0,158.0,70.0,1525.0,181.0,2538.0,201.0,34.0,0.0,560.0,72.0,79.0,1591.0,35.0,175.0,131.0,37.0,394.0,785.0,142.0,5.0,0.0,821.0,277.0,29.0,272.0,10.0
325.0,1.0,0.0,381.0,34.0,2572.0,449.0,648.0,83.0,0.0,152.0,542.0,547.0,0.0,0.0,4.0,21.0,2112.0,526.0,408.0,265.0,577.0,323.0,21.0,709.0,1266.0,566.0,617.0,330.0,197.0,-1.0,336.0,30.0,48.0,2324.0,107.0,2239.0,539.0,41.0,0.0,495.0,83.0,80.0,1048.0,81.0,281.0,84.0,53.0,119.0,1129.0,132.0,5.0,0.0,764.0,132.0,22.0,330.0,8.0
254.0,1.0,0.0,402.0,86.0,2160.0,465.0,374.0,407.0,0.0,139.0,563.0,745.0,0.0,4.0,1.0,31.0,2343.0,837.0,293.0,345.0,112.0,403.0,28.0,1046.0,1884.0,824.0,728.0,217.0,252.0,0.0,316.0,81.0,105.0,1297.0,153.0,2786.0,543.0,57.0,1.0,607.0,75.0,77.0,936.0,44.0,272.0,95.0,59.0,248.0,1016.0,146.0,1.0,0.0,728.0,311.0,-4.0,335.0,27.0
355.0,2.0,0.0,238.0,92.0,1532.0,538.0,789.0,161.0,0.0,193.0,826.0,875.0,0.0,0.0,3.0,20.0,2639.0,633.0,655.0,339.0,195.0,253.0,76.0,1211.0,1800.0,674.0,786.0,262.0,236.0,0.0,645.0,114.0,102.0,2101.0,202.0,3491.0,487.0,48.0,0.0,555.0,128.0,73.0,1156.0,63.0,325.0,206.0,126.0,158.0,1108.0,129.0,8.0,0.0,585.0,326.0,45.0,314.0,4.0
339.0,3.0,0.0,581.0,44.0,1652.0,457.0,627.0,172.0,0.0,245.0,371.0,563.0,0.0,2.0,0.0,0.0,2889.0,643.0,398.0,335.0,159.0,203.0,44.0,1111.0,1752.0,758.0,723.0,404.0,146.0,2.0,484.0,65.0,104.0,1849.0,180.0,2938.0,466.0,54.0,0.0,885.0,94.0,79.0,1415.0,125.0,249.0,225.0,239.0,345.0,1210.0,195.0,3.0,2.0,772.0,157.0,36.0,375.0,9.0
283.0,1.0,0.0,434.0,0.0,2772.0,548.0,573.0,166.0,0.0,203.0,802.0,407.0,0.0,0.0,2.0,27.0,2325.0,586.0,214.0,162.0,152.0,562.0,34.0,1049.0,1471.0,506.0,702.0,288.0,159.0,0.0,275.0,251.0,64.0,1557.0,105.0,2715.0,472.0,39.0,1.0,681.0,66.0,92.0,1189.0,17.0,210.0,164.0,248.0,327.0,1148.0,184.0,2.0,0.0,854.0,286.0,0.0,349.0,9.0
221.0,1.0,0.0,159.0,265.0,1028.0,328.0,570.0,0.0,0.0,170.0,595.0,992.0,0.0,0.0,1.0,25.0,1656.0,394.0,288.0,122.0,0.0,183.0,28.0,1053.0,1115.0,410.0,481.0,123.0,117.0,0.0,78.0,-51.0,60.0,1357.0,85.0,2273.0,460.0,27.0,0.0,384.0,99.0,68.0,1379.0,25.0,285.0,122.0,124.0,217.0,864.0,148.0,6.0,1.0,885.0,217.0,37.0,280.0,9.0
275.0,0.0,0.0,264.0,31.0,1729.0,176.0,211.0,288.0,0.0,117.0,386.0,422.0,0.0,0.0,2.0,30.0,1266.0,501.0,414.0,208.0,237.0,215.0,26.0,786.0,733.0,545.0,528.0,173.0,107.0,1.0,236.0,32.0,89.0,1452.0,206.0,1660.0,336.0,27.0,3.0,696.0,24.0,58.0,520.0,58.0,176.0,139.0,97.0,559.0,1297.0,111.0,-1.0,0.0,989.0,231.0,6.0,199.0,7.0
300.0,4.0,0.0,353.0,121.0,1651.0,278.0,568.0,176.0,0.0,96.0,941.0,922.0,0.0,1.0,1.0,33.0,4014.0,500.0,539.0,81.0,176.0,235.0,15.0,688.0,961.0,632.0,695.0,234.0,117.0,2.0,125.0,161.0,79.0,711.0,143.0,1430.0,348.0,53.0,0.0,473.0,119.0,72.0,851.0,43.0,164.0,135.0,49.0,567.0,1113.0,70.0,1.0,0.0,730.0,208.0,12.0,193.0,6.0
236.0,0.0,0.0,480.0,72.0,1818.0,318.0,522.0,211.0,0.0,99.0,479.0,503.0,0.0,0.0,3.0,0.0,1673.0,346.0,377.0,278.0,0.0,612.0,38.0,751.0,1287.0,556.0,423.0,182.0,191.0,1.0,380.0,163.0,60.0,643.0,152.0,2176.0,730.0,76.0,0.0,471.0,126.0,58.0,791.0,30.0,221.0,103.0,69.0,259.0,1352.0,188.0,2.0,0.0,946.0,182.0,20.0,291.0,13.0
401.0,0.0,0.0,458.0,130.0,2073.0,363.0,609.0,271.0,0.0,152.0,808.0,550.0,0.0,0.0,-1.0,58.0,3243.0,580.0,386.0,187.0,372.0,827.0,50.0,1091.0,1803.0,1348.0,518.0,393.0,164.0,0.0,348.0,28.0,83.0,1144.0,139.0,2390.0,616.0,65.0,0.0,636.0,105.0,63.0,1004.0,98.0,181.0,159.0,60.0,329.0,1460.0,129.0,3.0,0.0,1067.0,261.0,29.0,373.0,13.0
272.0,5.0,0.0,495.0,97.0,1822.0,394.0,621.0,150.0,0.0,135.0,928.0,795.0,0.0,2.0,1.0,0.0,2432.0,603.0,374.0,181.0,219.0,348.0,38.0,1083.0,1326.0,643.0,805.0,318.0,189.0,4.0,350.0,229.0,71.0,1280.0,159.0,2762.0,526.0,49.0,0.0,597.0,124.0,62.0,1031.0,115.0,203.0,218.0,95.0,261.0,1241.0,164.0,1.0,0.0,859.0,178.0,20.0,410.0,15.0
301.0,0.0,0.0,497.0,115.0,2032.0,401.0,618.0,174.0,0.0,171.0,673.0,440.0,0.0,0.0,1.0,68.0,2088.0,624.0,279.0,53.0,244.0,280.0,45.0,982.0,1588.0,505.0,729.0,322.0,176.0,2.0,610.0,80.0,103.0,1105.0,185.0,2419.0,636.0,87.0,2.0,520.0,150.0,71.0,1049.0,47.0,215.0,254.0,72.0,303.0,1731.0,155.0,1.0,0.0,1011.0,337.0,23.0,502.0,25.0
97.0,0.0,0.0,279.0,181.0,1441.0,305.0,716.0,123.0,0.0,81.0,777.0,367.0,0.0,0.0,1.0,0.0,1734.0,498.0,323.0,14.0,0.0,315.0,39.0,836.0,1126.0,648.0,699.0,173.0,123.0,0.0,-43.0,136.0,40.0,1415.0,91.0,1889.0,543.0,52.0,0.0,449.0,73.0,11.0,515.0,57.0,240.0,155.0,28.0,96.0,944.0,170.0,6.0,0.0,705.0,145.0,22.0,356.0,13.0
315.0,0.0,0.0,263.0,54.0,1352.0,264.0,697.0,199.0,0.0,147.0,854.0,704.0,0.0,0.0,0.0,36.0,2294.0,477.0,304.0,350.0,247.0,277.0,26.0,958.0,1066.0,892.0,704.0,136.0,148.0,2.0,448.0,112.0,56.0,1736.0,158.0,1250.0,534.0,31.0,0.0,531.0,88.0,64.0,969.0,64.0,121.0,126.0,40.0,652.0,781.0,146.0,0.0,0.0,752.0,178.0,10.0,144.0,12.0
290.0,12.0,0.0,368.0,110.0,2246.0,280.0,314.0,168.0,0.0,164.0,502.0,572.0,0.0,0.0,1.0,0.0,1545.0,450.0,341.0,50.0,134.0,329.0,28.0,1784.0,955.0,610.0,657.0,272.0,132.0,1.0,229.0,35.0,69.0,1116.0,96.0,1474.0,32.0,63.0,0.0,498.0,91.0,39.0,642.0,95.0,156.0,114.0,58.0,401.0,1375.0,134.0,4.0,0.0,1005.0,200.0,0.0,198.0,10.0
676.0,1.0,0.0,330.0,80.0,2254.0,315.0,587.0,157.0,0.0,117.0,527.0,946.0,0.0,0.0,2.0,51.0,2388.0,569.0,324.0,154.0,98.0,278.0,78.0,777.0,1133.0,857.0,641.0,263.0,176.0,7.0,268.0,292.0,147.0,1420.0,125.0,1525.0,1023.0,101.0,0.0,484.0,43.0,75.0,815.0,61.0,405.0,119.0,92.0,0.0,1307.0,192.0,0.0,0.0,763.0,160.0,65.0,528.0,11.0
236.0,0.0,0.0,442.0,455.0,2038.0,394.0,191.0,192.0,0.0,237.0,1204.0,862.0,0.0,11.0,4.0,0.0,2270.0,662.0,550.0,118.0,119.0,1188.0,58.0,1208.0,1206.0,666.0,530.0,255.0,147.0,1.0,305.0,12.0,67.0,810.0,155.0,2088.0,250.0,134.0,1.0,731.0,148.0,16.0,1126.0,47.0,215.0,206.0,0.0,549.0,1194.0,164.0,6.0,0.0,1229.0,146.0,26.0,472.0,14.0
382.0,2.0,0.0,276.0,154.0,2225.0,296.0,432.0,143.0,0.0,105.0,776.0,819.0,0.0,0.0,-5.0,89.0,2756.0,473.0,322.0,284.0,140.0,421.0,71.0,893.0,936.0,555.0,805.0,403.0,211.0,0.0,235.0,125.0,79.0,993.0,153.0,1696.0,1598.0,88.0,0.0,627.0,169.0,47.0,959.0,117.0,165.0,257.0,179.0,433.0,486.0,183.0,2.0,0.0,813.0,148.0,112.0,511.0,2.0
447.0,4.0,0.0,429.0,163.0,2283.0,477.0,382.0,0.0,0.0,73.0,676.0,760.0,0.0,0.0,1.0,0.0,2352.0,492.0,406.0,37.0,145.0,0.0,65.0,1071.0,845.0,503.0,840.0,380.0,159.0,0.0,301.0,1.0,75.0,561.0,0.0,1772.0,754.0,48.0,0.0,614.0,111.0,24.0,798.0,70.0,216.0,257.0,108.0,391.0,1237.0,203.0,2.0,0.0,799.0,0.0,0.0,481.0,10.0
361.0,0.0,0.0,324.0,147.0,1505.0,210.0,446.0,280.0,0.0,144.0,740.0,660.0,0.0,1.0,0.0,31.0,2508.0,475.0,353.0,58.0,0.0,244.0,42.0,818.0,1067.0,349.0,728.0,255.0,249.0,0.0,171.0,355.0,60.0,1014.0,318.0,1589.0,501.0,53.0,0.0,503.0,77.0,39.0,554.0,89.0,113.0,201.0,99.0,326.0,1085.0,132.0,2.0,0.0,495.0,563.0,54.0,400.0,25.0
508.0,1.0,0.0,198.0,107.0,2401.0,82.0,405.0,156.0,0.0,115.0,879.0,498.0,0.0,0.0,0.0,0.0,1713.0,339.0,306.0,121.0,0.0,640.0,19.0,839.0,658.0,226.0,742.0,198.0,155.0,0.0,228.0,75.0,48.0,938.0,83.0,1249.0,692.0,39.0,0.0,566.0,53.0,22.0,362.0,71.0,0.0,82.0,23.0,424.0,548.0,129.0,6.0,0.0,1483.0,237.0,15.0,307.0,5.0
664.0,2.0,0.0,289.0,151.0,3022.0,296.0,430.0,101.0,0.0,109.0,509.0,583.0,0.0,1.0,0.0,0.0,1178.0,363.0,146.0,74.0,380.0,245.0,35.0,535.0,460.0,353.0,645.0,273.0,172.0,0.0,257.0,101.0,34.0,672.0,104.0,1072.0,398.0,-35.0,0.0,529.0,48.0,18.0,853.0,64.0,145.0,238.0,67.0,360.0,821.0,99.0,5.0,0.0,1615.0,116.0,0.0,279.0,7.0
382.0,1.0,0.0,454.0,97.0,1579.0,202.0,-15.0,30.0,0.0,72.0,379.0,655.0,0.0,3.0,1.0,73.0,1111.0,359.0,666.0,92.0,126.0,443.0,28.0,736.0,602.0,618.0,504.0,313.0,151.0,2.0,365.0,93.0,55.0,864.0,122.0,1129.0,461.0,17.0,0.0,433.0,91.0,71.0,779.0,73.0,143.0,207.0,57.0,390.0,1312.0,86.0,4.0,0.0,907.0,225.0,125.0,599.0,10.0
498.0,13.0,0.0,559.0,261.0,2742.0,353.0,271.0,75.0,0.0,86.0,651.0,628.0,0.0,1.0,3.0,71.0,1527.0,631.0,217.0,80.0,108.0,305.0,52.0,1286.0,770.0,524.0,483.0,328.0,211.0,4.0,265.0,98.0,103.0,557.0,112.0,1768.0,884.0,42.0,0.0,476.0,44.0,48.0,663.0,89.0,141.0,165.0,83.0,394.0,1853.0,215.0,3.0,0.0,1152.0,358.0,36.0,512.0,16.0
501.0,5.0,0.0,595.0,239.0,2825.0,491.0,203.0,65.0,0.0,46.0,1212.0,615.0,0.0,1.0,2.0,0.0,1622.0,490.0,371.0,291.0,279.0,0.0,37.0,1279.0,682.0,717.0,584.0,421.0,150.0,8.0,399.0,128.0,103.0,1659.0,129.0,1551.0,1085.0,39.0,0.0,651.0,65.0,45.0,764.0,161.0,141.0,343.0,73.0,384.0,506.0,343.0,1.0,0.0,1132.0,307.0,16.0,733.0,15.0
328.0,4.0,0.0,786.0,236.0,3257.0,486.0,260.0,186.0,0.0,179.0,927.0,450.0,0.0,0.0,2.0,33.0,1462.0,653.0,287.0,28.0,240.0,775.0,56.0,1027.0,893.0,392.0,659.0,436.0,167.0,12.0,257.0,141.0,0.0,764.0,131.0,1376.0,909.0,34.0,0.0,467.0,80.0,54.0,713.0,71.0,184.0,263.0,94.0,503.0,1993.0,269.0,2.0,0.0,1078.0,278.0,38.0,523.0,7.0
593.0,26.0,0.0,678.0,240.0,2056.0,280.0,179.0,76.0,0.0,84.0,739.0,732.0,0.0,0.0,1.0,36.0,1343.0,363.0,308.0,10.0,0.0,339.0,43.0,763.0,695.0,486.0,660.0,294.0,173.0,10.0,196.0,111.0,159.0,837.0,65.0,1110.0,991.0,23.0,0.0,480.0,0.0,58.0,432.0,58.0,109.0,467.0,33.0,0.0,1758.0,264.0,4.0,0.0,996.0,353.0,21.0,173.0,5.0
678.0,7.0,0.0,193.0,190.0,2782.0,199.0,539.0,107.0,0.0,56.0,667.0,839.0,0.0,3.0,0.0,0.0,974.0,256.0,147.0,220.0,342.0,425.0,24.0,549.0,337.0,217.0,358.0,229.0,214.0,4.0,244.0,74.0,34.0,473.0,111.0,941.0,807.0,48.0,0.0,471.0,155.0,59.0,517.0,97.0,63.0,287.0,41.0,0.0,941.0,202.0,2.0,1.0,791.0,275.0,18.0,140.0,7.0
136.0,20.0,0.0,1135.0,375.0,2482.0,211.0,239.0,80.0,0.0,29.0,617.0,305.0,0.0,0.0,1.0,94.0,1614.0,407.0,320.0,45.0,139.0,405.0,28.0,848.0,358.0,312.0,300.0,289.0,268.0,4.0,271.0,156.0,64.0,627.0,224.0,1329.0,431.0,21.0,1.0,366.0,119.0,33.0,579.0,62.0,121.0,271.0,33.0,1776.0,1717.0,203.0,5.0,0.0,841.0,180.0,28.0,374.0,2.0
85.0,18.0,0.0,1092.0,249.0,2159.0,272.0,112.0,27.0,0.0,130.0,1317.0,687.0,0.0,2.0,0.0,0.0,982.0,475.0,281.0,127.0,225.0,387.0,41.0,807.0,429.0,417.0,362.0,281.0,243.0,2.0,269.0,93.0,46.0,523.0,116.0,1045.0,1253.0,33.0,1.0,442.0,113.0,64.0,555.0,88.0,107.0,51.0,95.0,491.0,1567.0,295.0,2.0,0.0,666.0,327.0,21.0,483.0,3.0
221.0,8.0,0.0,530.0,358.0,2820.0,300.0,148.0,34.0,0.0,104.0,1419.0,965.0,0.0,2.0,2.0,57.0,929.0,384.0,506.0,75.0,295.0,429.0,28.0,876.0,471.0,322.0,403.0,238.0,288.0,14.0,254.0,178.0,81.0,462.0,213.0,1048.0,799.0,27.0,2.0,490.0,102.0,75.0,555.0,485.0,106.0,56.0,85.0,357.0,1678.0,316.0,36.0,1.0,951.0,245.0,25.0,492.0,6.0
315.0,11.0,0.0,1553.0,226.0,3589.0,255.0,221.0,27.0,0.0,79.0,1305.0,762.0,0.0,0.0,9.0,121.0,1156.0,482.0,348.0,139.0,272.0,427.0,36.0,912.0,494.0,842.0,707.0,209.0,167.0,2.0,267.0,180.0,77.0,806.0,319.0,1075.0,1220.0,39.0,0.0,476.0,100.0,96.0,480.0,112.0,116.0,932.0,30.0,474.0,1993.0,439.0,1.0,0.0,676.0,264.0,17.0,357.0,12.0
656.0,12.0,0.0,1012.0,450.0,2823.0,233.0,358.0,72.0,0.0,70.0,1270.0,738.0,0.0,0.0,9.0,28.0,975.0,419.0,324.0,55.0,310.0,497.0,42.0,712.0,575.0,93.0,521.0,270.0,289.0,-1.0,166.0,182.0,66.0,557.0,128.0,1108.0,1423.0,71.0,0.0,353.0,52.0,0.0,690.0,295.0,0.0,80.0,90.0,513.0,1922.0,546.0,19.0,0.0,865.0,449.0,17.0,322.0,6.0
457.0,8.0,0.0,1538.0,325.0,2051.0,153.0,150.0,97.0,0.0,63.0,1180.0,539.0,0.0,0.0,2.0,0.0,867.0,400.0,234.0,45.0,0.0,330.0,46.0,491.0,304.0,55.0,385.0,231.0,90.0,5.0,92.0,178.0,24.0,271.0,140.0,781.0,907.0,45.0,1.0,365.0,91.0,92.0,403.0,70.0,0.0,764.0,71.0,316.0,938.0,268.0,17.0,0.0,1284.0,287.0,8.0,264.0,8.0
425.0,19.0,0.0,689.0,314.0,3159.0,182.0,124.0,30.0,0.0,57.0,966.0,599.0,0.0,0.0,1.0,50.0,658.0,226.0,295.0,138.0,189.0,234.0,18.0,431.0,190.0,135.0,338.0,498.0,223.0,3.0,122.0,147.0,36.0,333.0,122.0,702.0,892.0,19.0,1.0,361.0,55.0,260.0,431.0,61.0,201.0,498.0,33.0,512.0,1055.0,256.0,12.0,0.0,570.0,312.0,17.0,203.0,13.0
497.0,10.0,0.0,618.0,340.0,2865.0,164.0,87.0,48.0,0.0,85.0,1096.0,752.0,0.0,1.0,6.0,32.0,797.0,410.0,230.0,65.0,231.0,562.0,18.0,500.0,263.0,63.0,299.0,355.0,211.0,6.0,132.0,229.0,0.0,299.0,43.0,683.0,710.0,21.0,2.0,325.0,158.0,66.0,531.0,139.0,49.0,428.0,52.0,570.0,1745.0,237.0,9.0,0.0,487.0,313.0,8.0,270.0,10.0
567.0,20.0,0.0,1556.0,288.0,3034.0,151.0,168.0,36.0,0.0,63.0,1371.0,731.0,0.0,0.0,3.0,39.0,625.0,304.0,389.0,141.0,176.0,418.0,31.0,561.0,267.0,15.0,346.0,360.0,188.0,7.0,140.0,173.0,99.0,550.0,145.0,674.0,1246.0,40.0,0.0,413.0,120.0,72.0,446.0,144.0,65.0,531.0,81.0,355.0,2569.0,305.0,11.0,1.0,439.0,0.0,25.0,285.0,10.0
